0
0
0
0
0
0
0
0
0
0
0
0
0
1
3
7
8
11
14
15
17
19
22
24
25
28
30
31
33
35
38
39
41
44
46
47
48
51
51
54
56
57
59
60
62
63
63
67
68
71
71
73
76
78
79
79
81
83
86
87
88
89
91
92
94
95
96
97
99
100
103
103
105
107
108
108
111
111
112
113
115
115
118
119
120
120
121
123
124
124
126
127
127
129
131
131
134
135
136
137
140
140
142
143
143
145
147
147
150
151
152
152
153
155
156
156
158
159
159
161
163
163
164
166
167
167
169
169
171
172
172
174
175
176
176
177
179
179
179
180
182
183
183
184
184
185
187
187
188
188
188
190
190
191
191
192
192
193
195
195
195
196
198
198
199
199
199
199
200
200
201
201
203
203
203
204
204
204
204
204
204
205
205
206
206
206
206
206
206
207
